#iter: 1295, evals: 1960, e_err: 2.9352330642e-06, e1: 2.9357193729e-06, ev_err 6.2009210470e-06, r_err: 5.2607951585e-08, lambda: 7.4477460864e-10
atomtypes:
Sn 
mass:Sn:
118.710000
fingerprintsperelement:Sn:
2
fingerprints:Sn_Sn:
radialscreened_0
fingerprints:Sn_Sn_Sn:
bondscreened_0
fingerprintconstants:Sn_Sn:radialscreened_0:re:
3.064190
fingerprintconstants:Sn_Sn:radialscreened_0:rc:
8.000000
fingerprintconstants:Sn_Sn:radialscreened_0:alpha:
5.157041 5.157041 5.157041 5.157041 5.157041 
fingerprintconstants:Sn_Sn:radialscreened_0:dr:
4.935810
fingerprintconstants:Sn_Sn:radialscreened_0:o:
-1
fingerprintconstants:Sn_Sn:radialscreened_0:n:
3
fingerprintconstants:Sn_Sn_Sn:bondscreened_0:re:
3.064190
fingerprintconstants:Sn_Sn_Sn:bondscreened_0:rc:
8.000000
fingerprintconstants:Sn_Sn_Sn:bondscreened_0:alphak:
1.000000 2.000000 6.000000 9.000000 
fingerprintconstants:Sn_Sn_Sn:bondscreened_0:dr:
4.935810
fingerprintconstants:Sn_Sn_Sn:bondscreened_0:k:
4
fingerprintconstants:Sn_Sn_Sn:bondscreened_0:m:
7
screening:Sn_Sn_Sn:Cmax:
2.800000
screening:Sn_Sn_Sn:Cmin:
0.400000
networklayers:Sn:
3
layersize:Sn:0:
33
layersize:Sn:1:
21
layersize:Sn:2:
1
weight:Sn:0:
-4.721285051013117e+01	2.064927688979765e+00	1.694284071153011e+01	-5.288626328683559e+01	-2.086045769992115e+02	-4.337224228663986e-01	4.742939130949969e+00	-1.938418366972404e+00	-1.196172121943035e+01	2.994817165439137e+00	1.363683907696771e+01	2.371873175927140e+00	-9.545266548779955e-01	-2.933266979292914e+01	-1.445275814818759e+01	-3.662147567749059e+01	3.263772875736979e+01	1.692507758944365e+01	2.629734172236512e+01	7.615002023626323e+02	-7.891023585438428e+03	-1.513008643736462e+04	3.171781056209509e+03	-5.320678688815584e+03	3.822792188589741e+03	-1.619756345401255e+04	-2.262222704033414e+05	7.511737632554888e+05	-5.742999307995099e+05	1.012151159000553e+06	-7.053464534133697e+05	9.473552170108898e+05	-6.838891223232090e+05	
-2.198535971521745e+00	1.871188751458156e+01	-3.539725539416339e-01	-3.621836654014056e+01	-5.077788906406960e+01	-5.164549410917769e-01	-1.120566061610855e+01	-6.507417942635405e-01	-8.209811018446244e+00	2.388293698387549e+00	6.360489452399636e+00	1.273309333276728e-01	5.734758512617304e+00	-2.892849416829679e+01	-1.679132035757380e+01	5.877719452967024e+01	2.165870256394026e+00	-4.894738590136914e+01	4.367639659397438e-01	6.054638808861697e+03	-9.080298823475973e+02	-1.524679845028971e+04	-1.684202797681787e+04	1.666384466149295e+04	1.190386961896358e+04	-1.550809270557696e+04	-3.343643208780141e+05	-5.054486804827504e+04	6.564813020193535e+05	-2.222528426602786e+05	1.824981438654271e+05	4.740082426964886e+05	-4.290039449554683e+05	
-1.050308566064999e+02	2.252494704670827e+01	8.913147100818512e+01	7.385513422805444e+01	5.513876513431322e+01	-3.376064396782033e-01	-1.050536102775701e+01	-2.454251659022657e-01	1.171019633974630e+00	5.083536050016924e-01	-1.479315588555586e+00	1.341719108346216e+00	2.877691344471990e-01	5.605812617190991e-02	-1.353667455426197e+01	3.651652536681055e+01	-6.890549312839190e+00	-2.589872556911036e+01	4.206946858229594e+00	-2.324635281646369e+03	-1.495105044162709e+04	2.337519414612516e+04	2.931769323220634e+04	3.309435073837194e+03	-1.694016745340135e+04	-2.326839691630118e+04	-2.598203600215897e+05	6.161638026994728e+05	3.294836389963174e+05	-5.946552019453491e+05	3.634453271762696e+05	-2.810590150760332e+05	-9.337180159008555e+04	
1.063114851847800e+01	1.687946602822073e+01	3.821351373812080e+01	1.339909500356294e+01	-6.955645151374979e+01	-7.574670547642480e-01	-3.602821296639584e+00	3.294870638856501e-01	2.514924535754121e+00	-6.126336694184811e-01	-4.704520672192617e+00	2.507829345380023e+00	-7.342345633498444e-02	-3.460928571569057e+00	6.459849506375569e+00	2.130224572146294e+01	4.322795289722885e+00	3.079903928567624e+01	-8.978173695337206e+00	-9.639873096656158e+03	1.931796899161704e+04	-1.370575373310683e+04	-2.270010820976667e+04	-3.393941321986855e+03	1.507036664343753e+04	1.528897355243937e+03	4.117308185704997e+05	1.176139676974372e+04	1.492456640255783e+06	-8.722704103393422e+05	1.119074158592058e+05	-5.303501259058489e+05	-4.652291509305445e+05	
-4.249482987910533e+01	-4.728597541796081e+00	5.496495861074542e+01	7.004215496844351e+01	4.806742222148691e+01	-2.612794291613921e-01	-4.522769201581629e+00	7.038694283244524e-01	4.796026298039881e+00	-1.594877994500307e+00	4.012037304530500e+00	1.012730501509128e+00	1.166961569709108e+00	2.849660298232387e+01	9.949656840896765e+00	-4.710268789409353e+01	-2.676057289652845e-01	-7.586394032109955e+01	-7.347938134426035e+00	6.419508725883119e+03	-7.678453254988540e+02	9.856433714531595e+03	-1.755918258380945e+04	-2.881786843765139e+03	1.215692778096104e+04	3.578454024710847e+03	-7.692604975103805e+05	6.944052860128747e+05	1.557056585628157e+05	1.820897020417819e+05	-4.860491976114007e+05	6.146602347135688e+05	-5.112659603018049e+05	
-1.329461443263270e+02	3.724882478571789e+01	1.257510538632101e+02	2.549240298226394e+01	-1.872680460657225e+02	3.204024734814029e-01	1.474682911582503e+00	-9.186403029377962e-01	5.928081541746280e-01	-7.860986589879642e-01	4.642443306540799e-01	-7.783397621111041e-01	1.706639541863144e+00	-1.300908585533976e+01	3.068543759869429e+00	2.096866202128229e+01	1.170794548780658e+01	-3.899222181867960e+01	5.814941801511716e-01	-2.467914029271353e+03	-1.236838623256088e+04	-1.053500848263062e+04	1.526196708073115e+04	-2.014828526533832e+04	2.885434307967967e+04	9.124407762494317e+03	2.081913430002849e+05	1.332717060543146e+06	4.614416190359061e+05	-1.613646254792940e+06	1.991020367047967e+05	-1.363210393012572e+06	6.299056411501780e+05	
6.745247777763903e+01	5.543117102116209e+01	1.413790199933953e+01	-2.320540115457628e+01	-6.680997709429130e+01	1.126158613970001e+00	1.477415549622646e+01	-6.477020946299671e-01	-2.628142164429990e+00	2.000677785341943e-01	-5.245688263656907e+00	-2.484387549959371e+00	-8.512087178126443e-01	-2.282415304521187e+01	2.571903685299984e+00	3.188857529041412e+01	4.052351545635814e-01	-5.380932056903388e+01	1.126166944778113e+01	-9.977056330080412e+02	7.311905163271802e+03	-3.295003125970204e+03	2.069448972499770e+04	-3.347243016494082e+03	-9.065524457173686e+03	2.468806475798427e+02	-5.881926257652744e+04	4.686319392848065e+05	-3.979429601402042e+04	2.108297069386306e+05	-2.397380154084319e+05	2.426202135685656e+05	-3.578113838666891e+05	
-9.816492822531072e+01	3.829845774864890e+01	1.130652363265804e+02	-2.083677842656155e+01	-2.831904144113519e+02	7.847090732427555e-01	-5.112444665707288e+00	2.262022505395939e-01	-3.633991741184614e+01	1.099911522758445e+00	2.936855546183840e+01	-7.910076279922722e+00	-5.370887353843487e+00	-5.861291309841631e+01	-3.535768726153274e+01	1.682128869802613e+02	6.832095179253199e+01	-1.556758604401351e+02	5.541987566969443e+01	1.412750862268705e+04	-9.951423784485569e+03	-1.560831861072106e+04	1.851724645288324e+04	-1.382191552992346e+04	2.110263768204372e+04	-4.009886805332720e+04	-6.910394385981573e+05	-6.866797964398563e+04	9.686264311180145e+05	-1.033788101279989e+06	1.305206299871886e+06	-1.214428904025102e+06	1.256420383629770e+06	
1.290927745074394e+02	-6.011525135469309e+01	-2.059873065234744e+02	-1.730700391882440e+02	4.871175825447484e+01	-6.724478439937356e-01	-5.321549506455624e+00	-1.174708454318799e+00	-1.830755540994293e+00	-4.017883364339185e-01	9.279625624190155e+00	1.007418186567467e+00	4.122076433307436e+00	7.801207752748265e+01	1.484308785162468e+00	-3.866154351121687e+01	2.537503223159647e+01	-1.312063527043086e+01	-1.900816380442596e+01	1.442526790706576e+03	-2.468530182418584e+04	-1.748997698396043e+04	9.008325782257634e+03	9.245287930953151e+03	-7.745277326375455e+03	2.305199394169857e+04	-5.802240125461429e+03	-1.657282533136845e+05	2.214149062697147e+05	7.364127039625485e+05	-7.598795936952186e+05	8.899790044472737e+05	-8.527485202590261e+05	
4.015821046071857e+01	7.621787134346118e+01	8.447026096014609e+01	4.281344340771891e+01	4.617305083741696e+01	2.646133880521657e-01	1.230793200930520e+00	1.686741051450532e+00	1.074195839653385e+01	-3.028217399031076e+00	-1.071056153283026e+01	-9.013456217215137e-01	1.059457362782436e+00	-7.644076436728076e+01	1.445922425572680e+01	-2.545460169160680e+00	-1.252648507238924e+01	1.398674810808800e+01	-2.210927214738769e+01	-4.470348715103554e+03	2.875136318395324e+04	-1.954720116785173e+04	-2.769096510223142e+04	-1.297390414560728e+04	2.595242958592138e+04	1.308219048757695e+04	2.552396728124273e+05	-1.139558647275394e+06	1.167584116642091e+06	-1.922804549084274e+06	7.885842025999713e+05	-1.486488479672806e+05	7.193210714923058e+05	
-5.793754991727980e+01	1.276971485256609e+01	8.399483128605215e+01	8.234286578560631e+01	-3.664343910294327e+01	-1.889323050375313e-01	1.030604805758517e+00	1.069991894419092e-01	-5.927807953303830e-01	3.059866933359989e+00	-1.863664394697733e+00	-5.587082781770233e-01	2.098704002660570e+00	-3.636937527824693e-01	-1.218553466658896e+01	1.077024627377982e+00	-5.119985706281336e+00	1.137333406313900e+01	-3.505351063438101e+00	-3.608504230443043e+02	-5.747194403502671e+03	1.004341370033434e+04	-8.711552485817346e+02	-1.061076819048012e+04	4.906324035565193e+03	7.408692210485967e+03	-1.045583369146080e+05	3.487733893706655e+05	-4.657654533038990e+05	-2.757662925115115e+05	2.174181540306314e+04	1.781219066493548e+04	4.215167158698693e+05	
-3.741072697478485e+01	-4.485974100892052e+01	3.231878768500686e+00	1.073850349939214e+02	1.655241321272286e+02	1.033657053313875e+00	-4.989107839606763e+00	-1.629333337634501e-01	1.110461723018357e+01	-2.765532962338793e-01	7.486422909008074e-01	-2.414659798740193e-01	-6.603224083205660e-01	-3.960046340984830e+01	-2.922504512922792e+00	3.457398223015192e+01	4.451048141124128e-01	-1.850507299317685e+01	1.018639628458036e+01	-2.964083558589941e+03	-3.054317102417005e+03	-8.256095257179251e+03	8.324546722764659e+03	4.287448252258199e+02	1.277863873034616e+04	-1.950497742987193e+02	1.904858052882335e+05	-2.911567436364386e+05	1.867296710845073e+05	-1.153884379279243e+05	1.227804528086410e+04	8.439640657936424e+04	-1.536656491715115e+05	
1.981657854905889e+01	-4.819969753096295e+01	-9.827745997640102e+01	-2.149858434620656e+01	1.375772678322218e+02	-3.415893829744164e-01	-3.359911091191708e-01	8.472136976982653e-01	1.936842836707366e-01	-3.909402024920139e-01	-2.620466714823938e+00	2.503775165283309e+00	-1.238292361151639e+00	7.756208273063578e+00	3.368415083547423e+00	-1.331858760333781e+01	-1.135025027044042e+01	5.342256829268180e+01	1.483355777718151e+00	5.153209397595856e+03	4.614505425113496e+03	4.663795172109940e+03	-2.788259776617457e+04	1.010521564155156e+04	9.328987766314509e+02	4.902434133505277e+03	-1.998427215554181e+05	4.337975524815461e+05	5.184942541610914e+04	-1.752912422928240e+05	4.514456107564811e+04	-1.913406734090615e+05	-6.835565023417607e+03	
4.812783156822246e+01	8.742115180179799e+01	7.045473882284701e+01	-1.710323577110101e+01	-1.678671148691971e+02	-3.754880680770324e-02	-6.970811190201156e-01	-3.750525251878999e-01	-7.190191734529987e+00	1.744377626331448e+00	5.355572847604495e+00	5.722402768973721e-02	-5.339088468152001e-01	5.457811743943887e+00	-1.811410124577600e+00	2.278034907928708e+01	5.638348349818188e+00	-1.439354235593861e+01	-1.747035496195949e+01	1.743182964720757e+03	1.535180261933917e+04	1.460939267903766e+04	-8.785100177206592e+03	-1.301218430650866e+04	-2.606419358107150e+04	-5.750447869619222e+03	-1.400276429717809e+05	-7.425217532692651e+05	1.481639345189678e+06	-6.352064176935919e+05	5.652690603762129e+05	-3.837062989938552e+05	4.935204962436937e+05	
-2.250970962121087e+01	-1.117262931115143e+01	-1.296881440041076e+01	-2.921173115355759e+01	-8.748142493407761e+01	6.702960750529533e-01	2.763610625874537e+00	-5.042502179856934e-01	2.024020997291937e+00	-7.724270310775095e-01	-7.378253622836096e+00	-8.401368349258388e-02	-8.420644956160127e-02	-1.797715974283773e+01	1.303519711999241e+01	4.355968202940814e+01	-2.072053209100385e+00	-2.137425001555015e+01	1.022515743690662e+01	6.038211263725566e+03	4.984198567484969e+03	3.866653337822538e+03	1.155504701657864e+04	-1.024915443534654e+04	2.509106743739362e+02	-1.746359727958276e+04	-2.913192385689425e+05	1.086714477817556e+05	-2.480915537284574e+04	-4.191655907804901e+05	4.796683636766304e+05	-2.823202622915710e+05	4.430396718613529e+05	
4.124061848978122e+01	5.025814016604250e+01	2.230134312563186e+01	-4.463552867018485e+01	-7.430988545417628e+01	4.392058258361221e-01	1.926377031900646e+00	1.157943550900760e+00	2.371397805813854e+00	1.265746508034259e-01	3.097115065292961e+00	2.865342655767971e+00	-5.703905443453744e-02	4.861661001886667e+01	-5.119239753193860e+00	-1.014433673433854e+01	-6.158601300823006e-01	2.022714561716709e+01	-7.585111879297458e-01	4.430606897331266e+03	1.421277378407858e+01	3.110125901757885e+03	-1.408902113191511e+04	2.199902617758803e+03	-1.055259438815407e+04	6.611835714671496e+03	6.813780041652946e+04	5.815445819861650e+04	-8.079043460761868e+04	1.198109329661962e+05	1.175745738372030e+05	3.007703546547814e+04	2.554383704397735e+05	
8.903406985868745e+01	7.313900859549047e+00	-7.910603378890372e+01	-6.383028872897744e+01	4.977276483767731e+01	-9.409827990190996e-01	-2.709833428529768e+00	3.383544527064650e-01	-3.994938359998873e-01	1.775995500711627e+00	-3.903759187427198e+00	-3.378804404321181e-01	1.343817598636845e+00	-1.459337823887322e+01	-1.636913643241250e+00	3.102154285136936e+01	-1.494985994742716e+00	4.339761025066311e+01	1.167284041401760e+01	-9.310542496999373e+03	3.754083553631679e+04	-5.997956392012410e+03	-2.312082180954516e+04	1.153072535095777e+04	-1.357725257181073e+03	-2.921667319259685e+04	2.807490228333067e+05	-2.088122651657295e+06	-6.658813835308776e+05	-1.473431761471051e+05	1.254248189583863e+06	6.091215667523883e+05	9.668096839398535e+05	
2.352688654510789e+01	-1.311362753530336e+01	-5.910930938571239e+00	7.932454175756102e+01	1.381149719530396e+02	-6.634299554933841e-02	-3.115593948052826e+00	1.754477860238106e-01	2.804219273294263e+00	-5.839347724047285e-01	6.808012224615421e-01	2.912782267383393e-02	1.532184818837095e-01	3.214981238219517e+00	2.986873374302169e+00	-1.126522781433353e+01	-9.528173151354622e+00	-1.453499414941208e+01	-7.119095567429102e+00	-2.263564659015867e+03	4.930744251811640e+03	6.103833443603323e+02	-1.367701312578783e+04	9.443502805947159e+03	1.017875728120162e+04	-3.162069993047550e+03	1.255703164814941e+05	-5.065179410837387e+05	-6.775444553546213e+05	5.417170542662522e+05	4.820530816169420e+04	1.167997075279622e+04	2.646183488074530e+05	
-9.577893956095888e+01	-5.160754776489991e+01	6.193412532033475e+00	4.523847560044231e+01	4.194253879044409e+01	-1.089446188416946e+00	-1.073502321629894e+01	-2.338717693304649e-01	8.136128311214817e+00	-1.875885627461109e+00	9.490498441963153e+00	-3.753330315863274e+00	5.157125236975672e+00	9.596112901472705e+01	1.859669940558900e+01	-1.144953681211446e+02	2.127161419584776e+01	-3.321772359267043e+01	1.126001653579903e+01	1.685451131702843e+03	-1.562510009855924e+04	-1.744056159244437e+04	2.362366609723552e+04	-2.115842491261759e+04	1.027012246031878e+04	3.602130815681042e+04	-1.073134383867137e+05	-1.139868518234062e+05	-2.236748527271283e+05	1.418518341201958e+05	-2.504428809121175e+05	5.646071802386938e+05	-1.687312477157436e+05	
-6.568659649119436e+01	-6.241246741348778e+01	-2.336424050466117e+01	1.174101220723524e+01	5.112542100563149e+01	6.069214978947182e-01	7.894847159343187e+00	-5.881010529233387e-01	-5.328081039840301e+00	3.568068125371605e-01	-1.024615818691264e+01	2.103532654057275e+00	2.128706596022683e+00	-7.655523145871418e+01	-9.133013906340828e+00	8.076453638380887e+01	1.381019528080279e+01	6.201489281919088e+01	-1.506990063194697e+00	2.611044242586381e+03	1.151557140586306e+04	5.096685002511412e+03	-9.143353715022718e+03	-5.252054669349076e+02	-4.107180584181724e+03	-2.894074973977226e+03	-1.516713422653003e+05	6.666766679414104e+05	3.363843381483501e+05	-1.071506409755021e+05	-2.752503812076576e+05	-3.096867648858322e+05	-1.877478727989252e+05	
6.755827650382705e+01	6.657880760460644e+01	6.748730050133321e+01	4.407011237410001e+01	-1.736328918009325e+00	-2.478800591014479e-01	1.083600597286419e+01	1.133538617838762e+00	-1.365194942538800e+01	-8.063901843050192e-01	-4.351643207093159e+00	1.817833761888188e+00	4.606242246365146e-01	-8.240644842843000e+01	-1.155512586976697e+01	7.775858818994234e+01	-3.412809987944154e+01	6.964885353537525e+01	-3.068854149896072e+01	-5.595125155040280e+03	1.907515782878682e+04	-3.523496734385890e+04	-3.846007063860269e+04	-1.449297902862500e+04	2.619438397796664e+04	3.722436809388090e+04	8.460951457931397e+05	-7.543689374730294e+05	1.353143168075184e+06	-1.025357272620601e+06	-1.355216608243276e+05	1.870344323251260e+05	-3.407705031502293e+05	
weight:Sn:1:
2.580455201976676e+00	1.209319295061115e+00	-4.506852804940280e+00	3.601183073821662e+00	-8.765943923933625e-01	-2.687703650666881e+00	9.529739877803586e-01	-5.840514630502341e-01	1.061389936943510e+00	-6.316309412833373e-01	5.434589685415075e+00	1.135883602896088e+00	2.497716327672564e+00	9.754874233851116e-01	1.182402413826835e+00	-1.485429525488529e+00	-2.865253862889342e+00	1.828699131484596e+00	8.756546094446719e-01	-1.142577496861144e+00	6.225306058791157e-01	
bias:Sn:0:
-1.049034728577628e+00
2.065453239433240e+00
-2.854921576657077e+00
1.567099155804623e+00
5.853821381003215e-01
4.695708008236286e+00
3.957369714696412e+00
1.944738103104823e+00
5.099978866456932e+00
-1.989165577011692e+00
-6.703340629955412e+00
-3.186012075697750e+00
-3.023029001111020e+00
1.179614962513795e+00
3.735541179688004e+00
-4.192051355109543e+00
1.727163625630357e+00
-3.769714996872896e+00
-1.324072476556069e-01
-2.910706500300568e+00
-1.452415441685064e+00
bias:Sn:1:
-1.997957033752406e+00
activationfunctions:Sn:0:
sigI
activationfunctions:Sn:1:
capped
stateequationsperelement:Sn:
2
stateequations:Sn:
eshift_0
stateequations:Sn_Sn:
eamscreenedr_0
stateequationconstants:Sn:eshift_0:eshift:
#-6012.118000
-0.7001283751276302
stateequationconstants:Sn_Sn:eamscreenedr_0:re:
3.410000
stateequationconstants:Sn_Sn:eamscreenedr_0:rc:
8.000000
stateequationconstants:Sn_Sn:eamscreenedr_0:dr:
1.000000
stateequationconstants:Sn_Sn:eamscreenedr_0:alpha:
4.400000
stateequationconstants:Sn_Sn:eamscreenedr_0:delta:
0.000000
stateequationconstants:Sn_Sn:eamscreenedr_0:ec:
3.548007
stateequationconstants:Sn_Sn:eamscreenedr_0:Z1:
12.000000
stateequationconstants:Sn_Sn:eamscreenedr_0:Z2:
6.000000
stateequationconstants:Sn_Sn:eamscreenedr_0:snn:
1.414214
stateequationconstants:Sn_Sn:eamscreenedr_0:beta0:
3.000000
stateequationconstants:Sn_Sn:eamscreenedr_0:Asub:
1.400000
stateequationconstants:Sn_Sn:eamscreenedr_0:C:
1.000000
stateequationconstants:Sn_Sn:eamscreenedr_0:Cmax:
2.800000
stateequationconstants:Sn_Sn:eamscreenedr_0:Cmin:
0.400000
calibrationparameters:algorithm:
LM_ch
calibrationparameters:dumpdirectory:
.
calibrationparameters:doforces:
0
calibrationparameters:normalizeinput:
1
calibrationparameters:tolerance:
5.0000000000e-07
calibrationparameters:regularizer:
1.0000000000e-04
calibrationparameters:logfile:
Sn_fitting2.log
calibrationparameters:potentialoutputfile:
Sn_2.nn
calibrationparameters:potentialoutputfreq:
10
calibrationparameters:maxepochs:
100000
calibrationparameters:validation:
0.100000
calibrationparameters:overwritepotentials:
0
calibrationparameters:debug1freq:
10
calibrationparameters:debug2freq:
0
calibrationparameters:debug3freq:
0
calibrationparameters:debug4freq:
0
calibrationparameters:debug5freq:
0
calibrationparameters:debug6freq:
0
calibrationparameters:adaptiveregularizer:
0
calibrationparameters:lambdainitial:
1000.000000
calibrationparameters:lambdaincrease:
10.000000
calibrationparameters:lambdareduce:
0.300000
calibrationparameters:seed:
1650622821
